423102,420180,433972,65550,423102,434016,421704,204942,423353,423912,422191
431290,443419,420282,421237,420379,432182,443430,423519,433008,443054,421395
424968,434189,434125,423353,422434,434807,204942,433801,422191,421412,431602
443253,421926,422812,431002,421210,433801,434807,421835,422434,209833,434189
421847,431975,423315,421874,430248,430833,420799,421321,431807,422547,420253
423291,420911,422192,422775,424408,443396,423437,421891,420892,65722,421822
430848,444021,443430,430236,426230,420292,420282,424337,420119,430914,420939
422595,420379,421541,443213,420135,422595,424308,431582,431578,430914,431299
431975,423102,424968,204942,443689,421189,422191,443310,65335,434016,443818
209127,420892,420061,422188,424408,421787,420911,421839,422547,422812,421533
424481,431252,421887,210232,443148,431290,443557,430999,443473,431954,421237
443785,420379,443148,421067,421541,443430,443423,421237,443521,424216,443054
423773,430999,431252,443557,67908,423773,424337,431997,431954,420939,431318
430240,421541,424707,420379,431299,431600,432197,444016,431666,443410,421067
421212,421666,209700,431002,433895,421446,421368,421210,421089,421202,421964
424816,430236,421255,420969,420283,443310,420357,443689,431655,424374,431582
421626,420150,420714,421639,430564,443430,423995,431655,430240,421191,424374
424334,424374,431655,431203,421255,424228,431415,421067,420357,421784,434046
432716,422595,423519,420280,432716,432182,420150,424308,430914,430236,420292
421887,422544,443205,443148,443785,431458,430225,443473,421237,443521,431169
433476,422434,423353,423229,434807,420253,434189,421244,424630,434125,422538
432744,421408,433801,420755,424739,421212,421446,421761,421993,420731,426276
443160,424228,443400,423773,421255,424374,431655,431262,443692,421784,65843
431582,430236,430914,420283,422595,443054,420379,432716,423519,421541,432182
432797,420282,423519,421541,420379,422544,430914,420292,420283,431578,443660
431884,431488,443148,421237,443430,421887,431560,422544,431262,443660,431290
424374,424228,423773,424374,431415,443148,424896,424337,420939,443473,431041
422919,422675,65843,424896,430564,420150,443376,444021,420119,423995,421032
421352,422159,420571,431836,421899,431869,424090,430918,421193,426293,420665
421541,423773,431954,420119,422675,426230,424481,424466,443557,67908,431252
430703,426194,431975,423315,420180,420304,425205,443334,433972,424211,420253
420265,423061,443213,424175,420379,422595,431578,424308,431702,420135,432716
423213,421067,424707,421189,424734,431203,443310,444016,443062,443521,420379
65550,420061,421787,443592,421495,420257,430104,422188,421874,420799,443936
425525,433972,421495,421704,421321,420799,420180,424586,431101,420304,430833
431446,422833,443513,422852,423123,443334,431312,424968,422191,433636,443985
420135,431666,431600,443213,431482,430848,431169,431299,431869,432182,421541
421657,420379,431836,420282,432182,443148,431582,443410,422544,430914,431458
431697,422057,422833,424119,433476,432800,443601,431761,426272,431221,431807
421244,443396,421980,433252,432340,421533,421891,421787,421195,421635,421456
424374,444021,420714,424374,420357,420433,421468,422595,420657,423995,421639
202037,424896,420119,65843,444021,424816,424374,67908,424337,421639,434433
434125,434189,421412,434125,422183,422434,443253,421926,423353,434807,422812
421721,420945,420177,423315,424968,431761,420470,423353,420253,423102,433476
209700,433801,421231,421761,431002,421993,421212,421471,421408,422009,422191
430564,420571,421395,422159,432926,421193,420280,431836,426293,421468,420282
421408,421231,421212,421352,424308,422268,421761,422595,421089,421701,421112
420208,433554,433334,433735,421089,421212,420546,421964,421665,422009,421112
431002,433801,420253,423353,420470,422434,434125,421926,423315,434807,424211
421429,421195,421969,421694,421660,421044,433242,433913,443936,433327,433599
426272,420404,431912,431761,421835,424992,423315,420945,420061,432800,431602
421210,443936,421857,421694,433867,421210,421182,421660,422188,421969,420639
421969,433327,433387,421695,210853,433599,433242,433913,421195,421429,421660
421703,420159,421660,433387,433867,420639,421397,421847,421210,433242,420794
67516,434189,422775,67516,422183,434125,420911,424630,431602,430541,434807
431299,420292,421541,430914,431262,431582,431560,432182,420283,443148,420769
420885,432340,432420,420822,443396,421891,421980,424765,422188,420061,421392
420180,421875,209833,421874,420341,422012,421787,421847,210187,424264,443936
421874,421429,421660,421186,433867,433759,421397,210187,421044,421969,421847
443184,431560,443419,422544,443148,432182,443430,431582,432197,421067,444021
434305,421210,422188,421704,433801,431002,420794,421926,433895,434189,423353
443936,433801,421202,431002,420729,433554,424739,421089,421626,421446,421947
443884,423061,431702,424707,420379,432197,421541,443213,431578,420135,423912
431312,423315,434807,431912,420945,431602,422434,420257,434189,424630,443985
426553,431582,422595,423519,443419,421237,431089,420282,420379,443213,421541
431252,443410,421541,433008,443148,432197,421237,443205,443660,431169,424707
421456,421660,433867,443936,433759,421875,421182,420202,421855,421874,421044
430486,420969,430236,434016,423102,420945,432219,431702,430230,432197,424968
423747,434305,430183,433104,421533,421131,421244,201506,443396,420794,65722
421933,422775,420911,424736,430541,201506,65722,422183,434827,422015,423318
422159,423519,420939,443148,420292,420282,421541,430914,431041,443410,443521
421189,65550,423102,422191,420253,424968,443513,434016,443334,423912,204942
423315,67516,434189,426272,422538,425933,434125,431602,431912,443324,434807
424838,423353,424630,434189,421412,434125,433801,431173,420945,421244,422434
421761,420571,421193,420280,421665,422159,421693,433735,421899,421395,444021
421639,420150,421693,430610,443507,421408,420665,421993,421099,420280,430240
443692,432219,443410,421067,424707,420283,420357,430236,443062,421189,432197
434046,422538,424968,420177,443513,423102,65335,420253,443818,443268,422852
443507,431203,431415,421255,431655,201934,430236,443310,421067,204295,443597
422200,430183,421891,421533,443396,421635,422192,433982,421839,432340,420911
443396,443332,67510,433476,424119,431697,426272,423315,431101,432800,431807
443423,423773,426230,431954,431997,431252,431568,431231,443521,443557,444021
443386,431975,421321,421874,424586,420257,420180,420799,430248,431101,424179
421701,432744,421193,421665,421899,420280,433554,421921,421048,433334,421089
420304,422188,421495,420061,431761,422812,420045,424344,443592,430104,421210
443521,421255,443184,426553,431489,443400,443473,421784,443692,443597,431415
420769,432219,420379,430240,430236,431578,420283,423061,421189,443689,424707
422000,421429,433913,421186,421695,421703,421660,421594,433242,433599,433759
443062,443205,433008,443148,421887,422544,431644,431084,426421,424090,431318
430999,430703,431173,423339,430240,421039,420234,422538,443818,434322,423213
420731,430236,431655,422675,430240,420150,424816,430914,432576,422595,420969
424736,433324,420229,422775,430541,420911,434827,433104,424838,420892,423437
422538,421721,422775,201506,423747,422183,424416,420911,423318,425933,67516
431169,420379,421541,424216,431489,443410,420283,432197,443821,430914,431439
421255,420379,421541,432197,430914,443410,432219,420283,433008,432716,420135
420257,443689,420969,430236,422191,204942,443310,424968,422595,420357,420253
423353,433801,421704,421926,422434,423353,425205,420253,420729,421210,443592
426276,423353,434189,422538,67516,434807,434125,422057,424630,422812,433801
432182,421189,424707,430236,432219,421541,420283,443310,431884,431578,432197
421693,443430,443148,431997,444021,420282,420571,421887,443419,420769,420939
421471,422268,443507,422595,420280,421212,421693,421665,432716,420731,421089
422417,444021,422675,432700,443430,424090,420769,420282,420939,443148,431644
421321,421704,421210,443592,423362,426194,421495,432220,425205,420257,422188
421392,421044,433252,433705,421891,425525,443936,421787,421633,421694,420799
433252,421694,421392,421487,433867,443936,421044,421397,421660,433870,433913
432795,443419,444021,431488,422595,432716,443430,422544,420357,431560,420657
421141,423102,434016,424968,431702,424401,423912,421141,422833,443334,65550
420229,424408,443994,430183,421721,433104,434305,422677,420911,423437,421244
421397,443936,420061,421839,420439,421495,422188,422812,421857,420892,420794
426540,444016,431884,424707,431600,430848,421189,431299,443410,421541,431845
421193,420379,432182,432700,443213,423519,420282,430914,433008,443148,431482
421495,421495,443936,421874,420202,209833,421210,420341,421182,430104,422012
423818,422538,422833,424119,67516,423123,426272,422852,434189,443334,434125
433554,421446,421903,421665,421235,421630,421491,422009,421352,421950,421089
434580,421639,421191,424374,443376,420714,423995,424816,420150,65843,420969
443985,424344,430248,431975,443386,423315,433476,426194,443718,420799,67510
421899,420150,430564,443507,444021,430914,420280,422595,423519,432716,420769
434433,426553,424228,443616,431415,443057,443901,65843,424481,443692,421784
421451,421693,421193,443507,420280,420731,422595,443376,420150,421191,423519
422373,431761,424968,204942,422057,434016,423102,443334,434125,422538,422191
421666,421446,421231,432808,424739,421964,421235,421212,426276,421753,422009
209526,421210,421835,434189,420061,422812,422188,431002,420404,420892,420794
431489,443148,422544,420283,423519,443430,421237,420379,421541,420292,432219
431912,422852,423102,443334,434016,424968,422833,423123,430230,433476,423315
422812,421874,424586,420799,420180,431101,431975,420257,422012,421495,422188
420280,421921,421395,421693,420280,420571,433735,421665,430610,421193,421630
430848,431252,430999,431231,443557,210232,431954,424481,424466,426553,423773
421822,421373,422015,421038,433913,433953,433284,421961,433599,424736,421695
431482,430236,420283,421255,421067,431582,443430,421237,431655,431560,420379
421633,433759,433867,422200,433242,421660,420794,420159,421694,420639,431002
421669,209833,443592,422188,433867,421210,430104,431002,443936,420202,421926
443268,423061,443339,431797,431065,431702,65550,423362,423912,425205,434016
431100,443473,426230,443521,431489,421255,443148,421067,424707,443062,422544
421761,420665,421212,421993,421947,421231,421089,421099,421352,421368,423061
444040,424707,431489,431884,421541,443310,444016,432219,201934,443062,430236
423652,421704,420404,421210,422188,423353,420257,421495,420799,426446,433972
420180,432340,420799,421392,424586,420439,421874,430104,433252,67510,422277
67510,420061,431602,422188,420911,431761,430248,420892,431912,443592,431807
209833,424838,423291,433759,420794,421926,422200,420639,420159,209833,443936
433284,421891,430183,421533,443396,421869,421839,420892,443936,433982,421594
443310,421237,443148,420379,431560,443410,421541,424707,421067,443430,424734
420794,426272,422057,422538,423229,443601,67516,424119,424362,421244,422373
433735,421193,421665,433735,420280,432744,421352,421949,421693,422268,421089
443849,431100,443674,431167,443205,431290,431600,421354,431560,431169,431488
431569,204942,422191,443334,420253,423353,424968,434125,426194,420945,423102
420433,430230,420470,420969,422538,423102,204942,443689,443818,430240,424968
421961,422775,420911,421961,421038,443396,420564,422812,201506,421594,430541
424337,432700,431482,432182,443148,443430,431954,431089,424090,420282,421237
424334,420292,430914,422595,424374,423519,420150,420379,431582,432716,420283
421716,421210,433801,420794,209833,421926,431002,421704,420868,420159,422000
210853,433242,433913,443936,421694,421594,421660,421939,421487,420794,433759
431666,432716,424175,422595,423061,443054,432197,443213,420379,420135,420053
423995,420119,430564,424337,443430,422675,444021,432182,420769,431089,431582
423061,426272,422833,433476,431602,422057,431912,423591,431221,420799,420911
420911,420945,434807,431761,432800,443601,424630,434189,434125,422057,421835
443884,423061,421701,422268,422595,432716,434016,431702,430833,423912,443339
423318,443592,423315,421926,431761,420180,422434,431975,422547,420404,434807
421630,433735,421665,421193,420665,421693,421630,421921,421352,421491,421950
424216,443410,421541,424707,431299,421067,443148,431600,443660,431560,420379
420119,433972,420729,423061,430833,421704,420180,421202,433780,423912,421701
434827,422261,421171,423318,434827,443253,425933,67516,434189,423213,423747
201506,423353,433801,434189,422434,434807,421926,434125,422191,420253,421412
421048,421899,421193,421665,432744,431992,421395,420280,420571,420665,420731
433902,426230,421237,443473,443521,443148,431997,424374,421255,443184,432797
424586,421787,421694,421044,433867,421392,421487,443936,433913,431344,420892
421204,421193,421921,430610,433735,421693,431773,443507,420665,420755,421212
431954,431954,431252,431458,431089,421237,443148,426230,424337,431395,421887
432762,420265,434433,65843,420119,422919,421032,443616,426331,443376,422417
421011,431954,431458,423773,424337,431252,443244,422675,430999,424481,430225
421753,421693,421089,422268,433735,420280,421212,422595,421352,421761,424308
420639,421186,421429,421397,421969,421660,421695,433405,433327,421195,433759
432420,420180,433972,443339,420729,423912,421321,421704,65550,431569,424996
423652,421694,443936,421969,421392,433870,421397,433913,433759,421980,421195
423950,421694,422188,443936,421210,433867,421392,420061,421787,421495,420341
422833,420892,420911,434189,422547,420061,423353,431602,421244,421835,422434
443826,420119,430564,422919,431954,426230,443244,422675,423773,431997,65843
443148,420379,443054,432197,443430,422595,433008,431582,421541,432219,430914
433636,423912,420180,443339,431702,443334,423102,420470,434016,65550,420253
423150,423353,434807,434125,434189,422434,422191,420945,204942,420253,443804
421891,421847,433387,433867,420639,421660,421182,433759,420159,421777,431002
420282,423061,424308,422595,432716,420135,424175,431578,422268,420379,431702
443339,422538,422833,422852,424630,426272,424119,420945,434807,443601,67516
433324,421210,443936,421787,426446,420794,422188,425525,420639,421633,420341
443513,422192,431697,424408,423315,424119,443718,431759,431912,432420,420061
421939,421835,423291,421271,420794,424838,420639,434807,421461,421926,431888
65550,422547,420045,431807,431697,423315,67510,420799,420404,423818,431101
421609,432716,420283,420433,422595,430236,432762,422268,421639,430914,420657
434807,422538,65335,424968,422057,67516,423102,443818,422833,432800,424630
420491,423519,420282,431836,426293,432182,432716,424175,430914,443213,421099
443376,424374,424337,424896,430564,431997,422675,420119,444021,432797,420150
434271,431458,431954,431100,432700,443184,424337,443148,443205,421237,422544
443229,420257,443936,421495,421787,431761,423353,422812,422188,421210,421926
422191,431975,424586,430248,431446,420799,420257,426194,423315,424344,421874
421039,420755,421665,421964,421921,421993,443507,430610,421693,421408,424739
426540,431167,443225,430744,431290,443473,431488,426230,431954,431100,431458
421618,421618,421630,433735,421204,421921,421665,421947,421491,420280,420665
421468,431702,423061,421541,420379,431578,421368,431797,443213,431299,432219
443804,423353,422538,423102,65335,433476,422833,420253,431761,204942,422057
433867,420159,433242,420794,443936,433867,421660,433387,420639,421926,421210
443332,431446,424586,430104,431975,443592,420257,420061,420180,421495,421874
426553,432716,420135,422595,433008,443054,432197,420379,443213,421541,424175
424816,426230,431089,431997,444021,430236,420283,430914,443430,420379,424374
421980,421874,421875,443936,421182,420885,421855,210187,424586,420202,421495
421875,421210,420794,420159,421926,421835,433801,431002,426446,423353,422188
421909,430236,420969,421255,443310,422595,420283,443689,421639,430240,420357
431568,433008,431560,421354,431458,443205,431482,432700,443992,424216,431666
423109,434125,434189,422434,423353,421039,434807,433801,204942,431602,422183
421665,431252,426230,421887,443660,422544,431458,431954,443473,431231,430999
420729,422775,434807,431912,431494,431602,431888,426272,420911,424630,423315
420571,430833,433972,423362,421701,420202,420341,432220,420257,431702,443339
443473,421541,432197,433008,420379,431299,443410,443213,431582,431560,431666
423591,426272,67516,422538,431221,424565,434666,204295,425933,434322,423150
421038,422775,421721,65722,424736,420911,201506,434305,422015,430541,421961
65843,431089,443054,443430,420379,421237,444021,443521,431997,432700,430225
431488,431836,420379,420282,443419,422544,426421,443992,443205,433008,431084
420341,421210,431002,433895,420794,421666,209833,420341,443936,209700,420639
431395,426230,431655,421067,430236,420805,423773,444021,424374,443430,443521
431173,423061,420433,420657,422595,421626,430236,432716,432197,432219,422191
443054,426230,443521,443473,443148,421237,430999,443184,431458,431089,424337
430914,426230,443148,443557,432797,423773,443521,420939,431262,431954,424337
421839,433870,443936,421694,421857,422188,420794,420639,426446,421210,433867
420253,431852,426272,443324,443513,424119,422833,422677,423315,431494,424362
424119,430703,424630,431852,424968,420253,443513,65335,443804,420177,422538
421903,421847,421660,209700,421666,433867,422000,420639,433759,421182,422012
423051,433801,443229,209833,420341,424211,421704,420180,421210,420729,421495
434016,65550,423061,424996,431065,431702,423912,443339,433990,434016,431299
426578,431252,431954,423773,430999,421887,433902,443849,432926,443244,431231
421352,432716,421112,420280,432197,422595,422268,421089,423061,421947,421693
420657,426230,430564,431997,432797,422417,443430,420939,424816,420805,431655
430999,420379,432197,421541,443148,431582,432219,443054,421237,424707,420433
433278,433759,421429,210853,421660,421186,433242,422200,433387,433867,421847
424216,424707,434016,421189,431845,423102,431702,443062,444016,424401,432219
424362,431344,424408,430183,420892,443396,420061,420439,422547,420564,421839
424401,422833,422538,422852,443513,424630,431852,65335,443601,420177,424119
422192,420061,421210,443592,430104,426194,431761,425205,432220,423362,422188
443826,420357,420969,421255,443310,421784,430236,443160,420234,201934,424374
421089,432926,420769,424090,431084,431644,431482,432700,426293,420282,443430
424630,430183,420892,421244,420061,424408,422812,420911,421787,422775,443396
423229,434807,443324,420945,423315,443804,67516,434189,434125,423353,422434
421171,421761,434125,421231,421039,434189,420969,433801,423353,204942,421191
424271,443396,421891,421533,432340,433252,430183,421980,421839,433982,421038
432220,422188,420404,421704,420799,424211,420892,420794,421210,421495,443936
421067,424707,432197,432219,421541,420283,421189,431702,420379,434016,423061
431203,431100,431954,431488,443557,431458,431089,422544,431290,431252,426230
421231,443985,426194,431912,422434,431602,421321,423315,433972,423123,430833
433242,421660,433242,443936,433867,421969,433387,421397,421694,421429,421392
424992,433476,422833,431602,431912,443334,426272,432800,422057,431761,424968
443718,430248,443718,431446,431975,424586,420799,424765,431759,422277,421321
431602,204942,423061,422191,422595,431702,420201,423912,424308,420135,421701
433599,433759,424271,421487,210187,423291,421875,420885,443936,422200,420892
422277,420945,431912,430833,422434,434807,443334,423315,431807,426194,431761
423950,420911,422775,420892,430541,201506,421533,424736,421869,65722,433324
443076,443334,430230,420253,423102,430486,430236,420969,422434,65550,434807
424734,424816,431655,424374,421639,420150,420119,430914,420292,423519,443284
421669,423061,421368,421701,421202,431797,422595,431702,421947,422268,424308
420470,421926,433801,422812,421835,434189,421210,434807,443592,431761,209833
431912,423061,422595,424308,420135,422191,420379,430236,430914,432716,431578
421182,422812,420404,431761,421835,421495,422188,426446,421926,424992,421787
421032,421193,421204,431773,420571,422159,424090,433735,423193,421693,421921
434433,420150,424374,420714,430914,424816,423519,420939,431041,443430,422675
432612,421541,443213,420379,431299,433008,423519,426293,432795,432182,431869
431759,424401,423102,423912,434016,424968,431845,443268,431702,65550,65335
421412,420180,433990,431702,434016,443339,423912,65550,420470,424401,443334
443148,424175,422268,432716,443213,422595,430914,421947,424308,421352,421089
421665,431089,420379,431560,421237,420283,431488,443419,431582,433008,430236
209526,422812,420061,421787,421461,421835,422188,443592,421633,209833,421926
431997,430236,430240,420969,422595,443423,443689,431578,420292,430914,432219
434125,423213,434128,420234,434322,443616,421784,65843,204295,420265,202037
431776,421067,431845,431560,443054,421189,430848,424707,443213,431666,443521
424358,421044,443936,421633,421787,426446,420892,421461,420885,432340,443396
424408,423318,422261,423301,425933,421171,201506,422183,434827,421412,422775
431061,423519,421693,430914,420280,420769,420379,420292,444021,421541,420150
422188,443592,431761,422812,430833,420257,423353,421495,421210,421787,422434
424586,422188,421835,422812,421787,420404,443936,420061,426446,65310,420892
433801,421231,433801,421761,421701,421212,431002,421704,420201,204942,422268
65310,434807,423353,431807,422812,421244,422057,431761,421926,426272,422183
431221,423102,443601,433476,431397,422833,443268,424968,65335,443818,420470
431065,423315,431975,422547,426194,67510,420257,443334,443386,431602,420180
433990,443985,431975,430833,420257,443592,430248,426194,443386,420180,425205
421777,201506,422015,210853,424736,422775,423652,421609,421271,421131,422183
424090,424334,202037,431415,443057,424980,424228,420234,443692,65843,424896
421891,423353,434189,67516,434125,421412,424630,430703,443804,434807,422434
424362,420159,421210,209700,420794,433867,421660,422246,431002,420639,433895
421321,433104,430183,433278,421271,420892,433913,434305,424408,420911,420564
432808,421639,444021,431655,443430,420150,430914,422675,424374,426230,430564
423437,422192,424565,420911,431807,431697,432420,431912,420061,432800,431221
421704,433895,421210,421704,423362,420868,420341,433972,421701,420202,430104
433284,421186,421429,421703,433284,421594,433913,421695,433599,421392,421487
421695,421495,424992,420404,421704,426446,422188,421835,421633,420729,421321
444016,431100,443148,426553,430999,431252,422544,431290,421067,443473,443660
443430,426553,424481,431290,443473,426540,443400,426230,431262,430999,210232
421993,421193,432744,421665,433735,420280,421921,421048,433334,443507,420755
421373,443936,421392,433759,431344,420885,421044,421487,209833,422188,421660
420201,421666,433801,424739,431002,209700,421202,421847,421446,422200,209833
420283,421693,443507,421193,420280,421639,430914,422595,423519,422268,420150
443213,421541,420283,432197,422595,424707,431884,430236,420053,432716,443689
431578,424401,65550,443513,431702,434016,423912,433990,420470,204942,423061
421947,422595,421352,424308,422268,420280,421693,420665,421089,422159,432716
430833,434189,434807,423353,434125,433801,421412,67516,422434,422538,443804
432576,443430,432700,420282,443376,426230,424337,431997,431954,443785,421011
426446,443592,422188,421787,420061,420304,421461,420257,421633,424344,432420
432800,422547,423315,421926,433801,421495,424211,420257,434189,420061,431761
423193,421191,421639,421039,421048,443507,420265,426276,420714,432808,421408
431598,426553,423773,424481,431954,426230,430999,424466,431252,443473,422417
443674,443473,443148,422544,430999,424481,426230,426553,431252,424337,443557
424899,433801,422812,423353,423051,421835,209833,421926,423291,430833,434807
423339,421189,443513,423102,420253,424968,443689,422191,443310,65550,423912
424630,426272,423315,424408,431221,431912,432420,422192,431975,431807,430248
421446,422009,421446,421112,421665,421089,421235,421231,421964,420546,421630
443980,420911,420892,430541,422188,422775,421633,431602,422812,421533,420061
421491,421618,421903,421630,421491,421950,432808,421665,430610,421193,421408
431167,424707,431884,443689,421189,421541,431489,432197,420969,430236,420357
431262,431089,420379,432182,443430,421395,443054,443419,424337,431836,420282
430183,421874,421495,421787,430833,420202,420868,433972,430104,421855,420729
422028,421810,422028,420265,434128,421032,421618,421630,421665,434433,423995
431041,443148,420379,422544,421541,443821,420282,443410,424374,430914,423519
424980,430236,443507,443284,444021,420283,422595,432716,431582,443511,421639
431644,430236,420283,431582,432219,420969,421255,421541,443310,424374,422595
431657,420945,422852,422538,420969,423339,431657,420253,443334,422373,434807
443616,430236,420283,421541,423061,431578,420379,432197,421189,420135,432219
420755,430236,422595,420283,421639,421191,430240,420969,422191,432716,430914
423912,423339,422538,67516,423213,421039,431173,434125,204295,420234,420969
422544,420433,431582,444021,424374,421255,421639,421784,420357,424816,430236
432700,431666,430848,431600,431299,431560,443213,424707,420379,433008,421541
420404,443513,423315,424401,431852,426272,65550,430248,443601,209127,443985
422009,422675,443430,420282,430564,443148,444021,420769,430914,421395,420150
431439,443148,420939,443557,432797,444021,424374,432700,421237,420282,443410
421660,421044,421487,433913,433599,421694,432340,421980,421392,420885,433867
424228,424337,430914,443148,420769,444021,420292,431582,432182,443430,420282
424896,421189,424707,421067,430236,434016,431702,432219,443513,443310,433990
432762,434193,434128,420265,443616,426331,423213,65843,421810,420234,423133
443557,431578,430236,424308,422595,432716,423061,430914,430240,420283,420292
421784,443148,421237,424374,431041,420939,443430,431582,443410,421255,426230
430248,420892,426446,420564,421787,421891,420911,421835,424408,422192,422775
434807,422538,426272,443601,443268,424565,422373,423315,67516,431852,443818
421950,421903,421491,421630,421618,421665,421950,421235,433735,432744,433554
443901,420282,422544,443148,431997,432926,431318,443785,431252,421887,431836
421195,433913,421392,433284,421487,421694,421038,422015,431344,421195,421703
443334,422538,423353,431173,443689,423123,420253,67516,424968,204942,422191
420202,431975,420892,420799,420045,421321,424344,67510,421495,422188,420061
422852,423353,420470,423315,433801,431761,422812,420180,420253,422434,434807
420939,421693,421112,421089,420280,422268,432716,421352,422595,420135,430914
204295,432182,443430,420379,430914,420769,420282,432700,431560,443148,423519
421065,443936,433867,421044,421787,420061,422188,209833,421694,421633,420639
420257,420911,422775,420892,421721,434305,424408,430183,65310,420061,421244
422012,422183,443253,434807,422261,430703,421171,422775,422434,421799,424630
434580,431655,424816,432576,430236,424374,421639,430914,443430,420119,421067
420061,443936,420794,422188,421210,209833,420639,421926,426446,421787,421182
443400,422538,422852,421039,420945,443818,430703,421799,434322,420253,422434
424598,420969,430236,443818,443310,430240,421255,420283,443689,424374,420292
433913,422000,420639,420159,420794,421210,431002,420868,433801,421847,422246
434322,430236,431655,424374,420969,421639,443284,430240,424816,421191,421039
421271,420911,422812,420794,421633,434189,422775,421835,420892,420159,421210
443797,421255,443473,431489,420969,443148,432219,443062,421237,443689,424374
431761,424565,422538,420177,443818,422373,67516,423353,423315,443804,421721
421660,420969,421039,422538,431173,443689,420201,421639,422191,423339,204942
443284,424374,443521,443148,420939,431262,443557,421237,443430,424337,426230
431655,426540,443557,426230,424374,443148,420939,423773,421255,424337,430564
420822,422775,420911,443253,421926,420794,434189,420159,422812,430541,433278
434433,423773,431954,426553,424337,426230,431252,430999,420805,443473,431100
420379,420180,420202,433972,423362,421704,432220,425205,430833,421210,420341
431568,431776,423519,433008,426421,432795,432700,431041,432926,443821,443148
424264,423150,204295,202037,423213,431486,434666,434322,423133,423731,426981
421855,421210,420868,433895,431002,420341,209700,420794,433801,420639,209833
421635,421195,433242,421487,433913,433982,421594,421703,420229,421044,421980
421501,421761,421231,421993,421408,432744,433801,420755,421212,422595,421446
421533,421065,421716,421703,421038,433953,421487,433913,433284,424271,421195
421131,433104,420750,421961,433982,422015,421131,421695,421373,420564,433599
430236,421089,421446,421408,433554,421947,421212,420665,421202,421352,421665
420234,443507,423995,421191,421639,420714,420150,430236,420755,432744,422595
434666,425933,432800,421721,423747,420911,67516,422775,424416,426272,431221
443994,422183,434125,67516,423339,443253,425933,423213,434189,420945,422538
422373,420159,421171,426276,434189,421412,424838,422183,420794,433801,422200
421131,420911,434189,431602,431761,420404,420892,421926,420061,422188,431912
421099,421468,431439,420280,443511,421693,444021,432716,421451,443054,443430
424264,421210,433867,443936,421182,420202,421397,209700,421660,209833,420341
431992,420282,432197,420379,430914,421541,431582,420292,443213,432716,443148
424739,421210,421704,423362,422188,425205,420794,431761,421495,432220,209833
421857,433982,433104,433284,431344,433913,421594,421392,421533,421487,420892
430918,424374,430914,431582,420150,420433,420379,421639,420292,422595,432716
420536,420731,432744,421193,422595,422268,421191,421089,421231,421212,424308
431318,430914,421541,420292,444021,420939,443430,420379,420769,420150,423519
420769,420280,433735,421693,421193,420571,422268,421352,421089,420665,432716
420969,422268,432716,422595,423061,420135,424175,421089,421947,421112,424308
420292,421693,420280,432716,422268,422595,421112,421212,421089,422009,443507
424767,420945,421461,443601,432800,431761,431975,422057,434807,422192,426272
433759,420794,420159,210853,433242,443936,420639,433867,424736,433870,422200
420564,443936,421392,420885,421874,433252,430104,421855,420202,421044,421182
431089,421237,431089,431458,421067,443148,443430,430564,431560,431954,420379
431852,443396,424408,421721,430183,420061,421635,422192,420911,421891,420404
422015,421594,420892,421487,431344,421392,433104,420229,433913,433759,420564
431084,426230,444021,430564,431954,431458,421784,420805,431089,443225,431655
431600,443148,420379,421237,421541,422544,424337,431489,420283,443521,431089
424565,431912,431807,423315,430248,422192,426272,433476,431697,432800,431975
421787,422188,421694,432340,443936,421874,421980,421787,420892,421044,420794
434322,420969,430236,443689,430240,443284,424374,421639,420292,443423,430914
433104,421926,434807,420945,443592,434189,421835,431602,433801,423353,422434
434189,204295,434322,423213,67516,422538,425933,426981,431486,421721,431221
431458,420379,424216,443410,420053,424175,423519,430918,420283,433008,421541
421909,421665,421193,421630,420731,421950,421949,421618,421048,421964,421921
421195,430833,423353,434016,65550,421704,433972,421701,204942,422191,431702
422183,423912,65550,422191,423061,204942,420253,423102,434016,431702,422595
424416,420404,422547,422188,420892,67510,420061,420439,209833,422812,421495
420268,420061,434189,431761,431602,434807,420911,421926,423353,422188,420404
431888,67516,430703,422538,65335,424630,426272,423353,424968,422057,209127
421921,421947,209700,421089,433554,421352,421368,421753,420546,421235,421446
426293,424481,426553,443473,430999,443597,443225,443901,426230,443521,423773
431845,426194,420180,443386,443985,443339,423912,65550,209127,421321,424401
421368,421089,421368,421352,421947,433554,421202,421112,422268,432716,424175
65335,421039,424767,420714,434125,421191,420731,430703,421799,420433,431173
421869,431002,421847,421182,433759,421666,424739,209700,421875,420202,421202
424175,431262,424707,424734,431489,421255,432219,421541,444016,443521,421067
434193,423213,443692,434128,420234,434322,202037,423133,204295,423339,424598
423362,423213,65843,421784,420234,421039,421191,424896,434322,420714,421639
421186,421210,423353,431761,421704,434189,421926,422191,204942,422188,420911
421719,420061,420911,420892,431807,430183,422812,420404,422192,422188,420045
421657,421541,424707,432197,432219,431582,431884,443410,420379,443148,430914
421695,422277,431344,421392,433252,424765,433284,423950,443980,209526,432025
426276,443601,422833,426272,431912,433476,431494,432800,431807,431697,422192
433972,423315,434807,420945,443985,443334,431912,420404,431761,433972,422434
434433,422675,421468,443244,444021,421395,443430,431992,420571,432926,67908
431486,434189,422434,434807,420945,434125,433801,423353,422538,204942,443324
422057,431975,422547,431807,431761,420177,421321,420045,422057,423315,67510
433387,421660,421429,433242,433387,433759,421397,421847,433867,421969,420159
420208,421193,430914,443430,420714,421099,420150,444021,422595,421639,423519
421044,421704,67510,420061,422188,420892,420799,420045,420404,424211,423353
426230,431458,431954,431997,422544,431089,432926,444021,431084,426230,420282
424466,426540,443557,420939,426230,424374,443521,431262,443148,443660,431568
431415,424466,424481,423773,426553,433902,431954,426230,430999,443901,431231
433895,209700,421446,420546,421471,421231,421089,433895,431002,424739,433801
431397,421321,424344,420180,421495,426194,431101,420404,420799,431975,209127
426446,422775,420794,420159,422812,434189,421210,421787,424838,420911,422188
431494,420061,422188,420892,422812,420911,421787,421461,421633,422775,420404
443473,431954,433902,431252,423773,424466,67908,430999,443557,431231,443785
431344,421704,420180,433972,65550,421495,422191,423061,431702,204942,423353
421395,432576,421032,422675,420119,420150,443376,421193,423193,444021,421395
434580,443507,432744,420731,421193,420280,420755,422268,422595,433735,421693
431702,443410,443205,431600,443660,444016,443148,426313,431169,424707,431884
422434,65722,201506,423747,423652,424736,422775,443994,421721,422261,423318
204942,209833,421926,443592,443936,421210,420257,420341,422188,420639,420202
423301,434189,434807,421412,443253,434125,422183,420945,421799,422434,67516
432025,431761,421495,420045,423362,423315,423102,421704,443592,421321,426194
421210,443936,420639,421660,421044,433867,433759,210853,421195,421633,420794
443205,443376,423193,422675,421032,443244,65843,422417,444021,434433,420119
65722,209127,422833,433476,421321,426272,67510,422057,204942,420404,431101
420892,421721,424416,423591,431221,422677,65722,432800,424119,423747,424408
431101,426194,420180,431702,443386,421495,431569,443339,421321,423912,65550
424899,204942,422191,422833,422538,424968,434125,443334,423353,423123,443689
420714,431954,423773,431252,433902,424466,443849,430999,426230,443557,424481
426313,424968,422191,443818,431845,204942,420253,443689,65335,431203,443513
420868,423353,67516,424630,422191,204942,420253,420945,430703,421799,443804
421694,433759,421980,421044,443936,421694,421787,421487,432340,420794,421195
443992,423912,423061,431702,65550,431578,420253,420053,433990,443213,434016
421964,433554,421947,420665,421089,421368,421212,421202,424175,433334,421352
443660,424896,65843,67908,444021,423995,434433,422675,424374,423773,424337
201934,443310,430236,421189,421255,443689,421067,424968,431845,443062,424707
431231,421099,443430,421541,444021,420571,421468,432197,443419,430914,420657
431807,443513,422833,424119,423123,65335,434016,424362,422538,420253,433476
422183,421210,209833,443936,443592,430104,420868,420639,420341,422188,421495
443592,422538,422373,423123,421799,420945,422852,430703,420253,443804,443513
423133,65843,434128,424896,434193,420234,421784,443057,423213,443826,422417
443818,422191,420253,423061,430230,430236,443689,204942,420201,420969,430240
426276,422191,443513,65550,423061,420253,434016,204942,443985,431065,433990
420061,433242,433387,433327,433913,421195,421594,210853,433599,421695,421660
421926,430248,431975,431912,425205,420799,443386,431807,424344,420404,420061
421461,421660,421694,443936,421969,421397,421044,433867,433759,421487,421980
443821,443148,421237,443184,443521,424337,426230,424374,443557,431655,443473
421487,422015,420911,422775,421131,433284,433913,433870,424736,433278,432340
421191,443430,431644,443148,432700,422544,432926,431836,420282,431482,424090
422183,420404,420061,431761,422188,420799,421704,423353,434189,421835,421495
210232,431954,432926,420282,431252,432700,421887,431084,431458,432612,424090
424707,423061,422191,204942,422595,431797,424308,422268,431578,443339,421761
430183,67510,422677,426272,420404,422277,420439,431975,423315,420799,423591
420159,443592,432220,423362,426194,425205,420257,421210,433972,420180,421704
422200,420159,201506,433242,421869,420794,210853,424736,433913,421594,424838
434128,434193,434128,443616,423213,65843,420265,420234,423133,443692,426331
423123,422538,204942,424968,420945,423353,434125,443818,422191,434807,434189
423519,422595,422191,204942,423061,420135,443689,420433,420253,432716,430236
433982,443936,421044,421660,433867,421694,421182,421195,420885,420639,421787
443225,423519,420292,420282,443521,430914,426230,443148,421237,431997,443557
421700,444021,420769,421099,443419,426293,420280,443430,430914,432716,420292
421761,422268,421947,422595,432716,421089,424308,420135,421112,421352,421212
430230,421495,420257,424586,420180,431761,422188,431101,420799,420404,443936
421947,423773,431997,420119,443557,426230,431954,422417,424337,424466,420939
433953,433913,421694,421038,421891,433599,421533,430183,421980,424271,433242
421235,432808,421665,421630,421903,421618,432744,423995,426276,421048,430610
210187,420911,421721,422775,424408,420061,432800,420892,431602,431494,430183
435031,422538,67516,423213,422373,204295,422183,423339,443818,434125,421721
430104,420945,431761,426194,443334,424968,434807,423102,423353,420177,422057
421237,420379,420283,430236,443430,444021,430914,422595,431089,421067,421237
433327,433895,421210,425205,423061,431002,421202,421368,423362,421704,421701
424308,431167,426553,443473,431100,444016,443184,430744,430999,443148,431290
420639,422812,422188,209833,421835,421926,421495,426446,443592,421787,443936
431773,431954,423773,433902,420119,424466,443849,423193,431568,431252,422675
420357,443310,421255,443689,420969,424968,424374,420292,443818,430236,430240
424179,421487,433913,443396,432340,433870,433982,421044,421633,420892,431344
423731,424228,424374,424337,426230,444021,423773,431089,443521,421067,420939
420045,423353,421761,204942,434189,434125,421039,422191,434807,433801,422538
421594,421195,421695,421969,421703,421694,421980,421044,433242,433913,433870
421461,431344,420892,433913,430183,420061,421392,420439,432340,421487,421694
425933,433801,421210,204942,431002,423353,422434,421704,421701,421231,422191
430744,421193,422159,420571,420280,421693,421395,421665,421899,431992,421468
422268,431954,431252,423773,426230,424466,430999,443557,431458,426553,431089
435031,65843,426331,422417,424896,424980,421784,443692,424228,420234,431415
443511,430236,443284,420283,431655,443689,443310,421189,421067,431489,443184
420177,420159,421210,420794,422183,421926,422812,420639,421835,426446,431002
424736,443936,421694,433759,421044,433867,421660,421980,421969,421487,421392
432197,426331,65843,423773,67908,424896,420805,422919,422417,422675,443826
443244,432576,422675,443376,444021,430564,431997,421193,420150,443507,420491
431797,431221,422057,422833,421721,424119,422538,424565,433476,426272,432800
431836,443521,431041,426230,423519,431997,443821,432700,420939,443148,430914
443410,422544,421237,420379,432197,443419,431100,443148,431488,421541,443430
423359,433476,423353,431761,422833,423315,422057,431912,431807,426194,204942
443537,443148,424707,421541,420379,443410,432197,420283,430914,431582,432219
422675,443507,420731,421639,422595,430610,421099,430914,430240,421693,420150
422009,209700,421446,421235,421753,420546,431002,433895,424739,421666,421112
420665,423193,443849,421700,422675,443244,431773,432612,67908,443376,420119
421202,421089,421231,421112,422268,432716,421352,421947,421212,422595,421693
420150,422595,432716,422268,421639,420135,443507,420201,420433,421761,423061
421835,443396,421635,421787,432340,421461,420061,422812,421244,430183,421495
433008,431489,421255,424374,443521,431655,443148,443473,443184,426553,443400
430610,420150,444021,430564,424374,424816,443430,432797,420939,420119,431655
424765,424119,431221,422538,422057,432800,426272,443601,422833,424630,424565
443213,443689,421541,420357,430236,431884,420283,432197,421189,421255,431489
433870,421044,421660,443936,421195,433242,433867,421694,421969,421397,433759
421112,431002,421202,421446,421231,421089,209700,421761,433801,421112,421212
421354,421693,420280,433735,421665,443507,420665,421212,430610,421089,422595
432340,421495,422188,443592,430104,420061,420202,421874,422547,421875,421719
443419,432197,421541,432716,420379,420283,431582,444021,433008,443410,430236
431560,422191,204942,431578,424968,430236,422595,423061,420969,424308,443689
443820,420799,421495,421704,420180,424586,421321,420202,431101,433972,425205
433780,421195,421694,433599,421044,421980,421487,421969,421660,433387,421695
443057,443205,420379,433008,421541,422544,443148,443410,432197,431666,424707
443213,432197,424374,432219,431582,443148,420379,421541,420283,430236,443410
424211,433801,209833,421210,423353,420794,422188,421926,420257,434189,421704
421978,420159,422000,433801,420794,423301,426276,434807,421171,434189,423291
431761,204942,422191,422538,443334,443818,434125,420470,424968,420253,430230
424996,421926,209833,420794,421633,420639,422188,421787,421210,421835,443936
433405,421703,433284,421195,433913,433982,421594,421392,421716,421694,421695
420805,426230,420283,430236,431089,444021,421237,423519,431997,431655,430564
423362,420234,421255,421784,443689,420969,422538,423339,443818,202037,424334
421993,420731,421964,421408,424739,421231,421993,432744,422009,421446,421212
432926,424090,430918,421395,432700,431084,432612,422159,421011,423193,443419
443597,431299,443213,431666,424707,431600,420379,424216,421541,423061,420053
424344,422852,65335,422538,443818,443268,422833,423123,433636,201934,443689
420945,421461,420061,443592,422188,431761,421495,422434,431975,430833,421787
420794,423362,443592,420180,432220,430833,420202,421495,425205,420257,421704
421949,421193,421204,433735,420571,421693,422159,431773,420769,424090,430610
443324,421874,421495,209833,421787,443592,421210,420257,443936,430104,420202
67908,430914,422595,421693,420150,420135,432716,443507,420379,420292,430236
426194,431975,423315,426194,424344,430248,421321,443334,443718,422547,431569
426578,423213,202037,420234,421784,65843,423133,431415,443616,434322,204295
420546,420150,443160,430564,443430,424374,432797,443507,420939,431997,420292
422775,423353,421704,420253,204942,433801,424211,422191,65550,434125,434189
433334,420280,421089,421665,421193,421352,433334,420571,420731,422268,421693
421799,422775,420911,201506,430541,434189,420794,420892,431602,434807,424992
443601,443229,420799,420439,424586,422547,421392,431101,420404,67510,420045
425205,423353,434125,422191,204942,434189,422538,421412,420945,420253,433801
430918,443148,443205,422544,420379,433008,443410,443521,424337,421541,421237
422677,433801,434189,421412,421171,423353,434125,420159,422183,420794,426276
424416,421639,422191,424374,204942,430240,421761,422595,443689,443284,421191
430541,423061,420180,421202,420729,421704,65550,423362,425205,443339,421701
421810,423995,434128,420265,421810,432808,424896,443507,421191,434433,65843
422246,432340,443396,420885,421635,421787,420892,420061,433252,432025,431344
426421,426230,423773,424481,430999,426553,443473,424337,431252,424896,424228
420053,420379,421541,443410,433008,430914,431299,443213,422595,420283,443419
432219,421993,421212,430236,421626,420755,422595,421408,421964,443507,421701
420439,421694,421969,421660,433867,421195,433242,420639,420159,420794,433387
444021,431954,431252,423773,431458,426540,443557,431290,431100,421237,426230
426331,422191,204942,422595,430236,443689,420253,423061,431578,420969,424308
422261,423102,65550,434016,424968,422191,424401,423912,421189,420253,443513
431869,422544,431318,430225,443797,431169,443785,443205,443148,421354,426421
420750,209833,443936,422188,421210,421874,420639,433867,433759,443592,421787
433705,423362,432220,421495,425205,430833,420180,421704,433972,434016,421210
443689,423747,422183,67516,420911,422538,424565,431221,421721,432800,434125
434912,424630,422183,422538,434807,434125,421799,67516,425933,443253,434189
422544,422191,443689,204942,421067,430236,422538,421039,431203,443310,420253
420799,422188,421495,430104,420061,443592,421874,421787,421210,420257,421633
422547,443804,443324,422538,431852,422373,420470,423353,443818,420253,204942
420439,204942,422434,443334,422191,423123,420253,423353,430230,434189,443339
430225,432700,426230,421237,443430,431997,431458,431655,424337,431089,443785
426981,422775,434305,420911,420892,201506,430541,420794,424838,434189,433278
